
*********************************
*	   Assignment 2
* 	    Question 6
* 	      CSC384
* 	  Sergei Iakhnin
* 	    981 843 420
*********************************

************************************
* Tests using the IDA* algorithm
************************************



*********************************
* Test case 1 using heuristic h1
*********************************

| ?- start_search([[],[1,2,3,4],[]],Path).

Path = [[[1,4],[2],[3]],[[1,4],[],[2,3]],[[4],[],[1,2,3]],[[],[4],[1,2,3]],[[1],
[4],[2,3]],[[],[1,4],[2,3]],[[2],[1,4],[3]],[[1,2],[4],[3]],[[1,2],[3,4],[]],[[2]
,[3,4],[1]],[[],[2,3,4],[1]],[[2],[3,4],[1]],[[],[2,3,4],[1]],[[1],[2,3,4],[]],[[
],[1,2,3,4],[]]]


*********************************
* Test case 2 using heuristic h1
*********************************
| ?- start_search([[1,4],[],[2,3]],Path).

Path = [[[],[1,3],[2,4]],[[1],[3],[2,4]],[[1],[2,3],[4]],[[],[1,2,3],[4]],[[4],[
1,2,3],[]],[[4],[2,3],[1]],[[2,4],[3],[1]],[[1,2,4],[3],[]],[[1,2,4],[],[3]],[[2
,4],[1],[3]],[[4],[1],[2,3]],[[1,4],[],[2,3]]]


*********************************
* Test case 3 using heuristic h1
*********************************
9000 node limit reached


*********************************
* Test case 1 using heuristic h2
*********************************
| ?- start_search([[],[1,2,3,4],[]],Path). 

Path = [[[1,4],[2],[3]],[[1,4],[],[2,3]],[[4],[],[1,2,3]],[[],[4],[1,2,3]],[[],[
1,4],[2,3]],[[2],[1,4],[3]],[[1,2],[4],[3]],[[1,2],[3,4],[]],[[2],[3,4],[1]],[[]
,[2,3,4],[1]],[[],[1,2,3,4],[]]]


*********************************
* Test case 2 using heuristic h2
*********************************
| ?-  start_search([[1,4],[],[2,3]],Path).

Path = [[[],[1,3],[2,4]],[[1],[3],[2,4]],[[1],[2,3],[4]],[[],[1,2,3],[4]],[[4],[
1,2,3],[]],[[4],[2,3],[1]],[[2,4],[3],[1]],[[1,2,4],[3],[]],[[1,2,4],[],[3]],[[2
,4],[1],[3]],[[4],[1],[2,3]],[[1,4],[],[2,3]]]



*********************************
* Test case 3 using heuristic h2
*********************************
9000 node limit reached



*********************************
* Test case 1 using heuristic h3
*********************************
| ?-  start_search([[],[1,2,3,4],[]],Path).

Path = [[[1,4],[2],[3]],[[1,4],[],[2,3]],[[4],[],[1,2,3]],[[],[4],[1,2,3]],[[1],
[4],[2,3]],[[],[1,4],[2,3]],[[2],[1,4],[3]],[[1,2],[4],[3]],[[1,2],[3,4],[]],[[2
],[3,4],[1]],[[],[2,3,4],[1]],[[2],[3,4],[1]],[[],[2,3,4],[1]],[[1],[2,3,4],[]],
[[],[1,2,3,4],[]]]



*********************************
* Test case 2 using heuristic h3
*********************************
| ?-  start_search([[1,4],[],[2,3]],Path).

Path = [[[],[1,3],[2,4]],[[1],[3],[2,4]],[[1],[2,3],[4]],[[],[1,2,3],[4]],[[4],[
1,2,3],[]],[[4],[2,3],[1]],[[2,4],[3],[1]],[[1,2,4],[3],[]],[[1,2,4],[],[3]],[[2
,4],[1],[3]],[[4],[1],[2,3]],[[1,4],[],[2,3]]]



*********************************
* Test case 3 using heuristic h3
*********************************
| ?-  start_search([[1,2,3,4],[],[]],Path).

Path = [[[],[],[1,2,3,4]],[[],[1],[2,3,4]],[[2],[1],[3,4]],[[1,2],[],[3,4]],[[1,
2],[3],[4]],[[2],[3],[1,4]],[[],[2,3],[1,4]],[[],[1,2,3],[4]],[[4],[1,2,3],[]],[
[1,4],[2,3],[]],[[1,4],[3],[2]],[[4],[3],[1,2]],[[3,4],[],[1,2]],[[3,4],[1],[2]]
,[[2,3,4],[1],[]],[[1,2,3,4],[],[]]]









